10011011001;0110,1001,1001,0,10,11
00001100101010100100011101010100010011110111000110100100001000101001000101100;00010,01100,00001,01,101111,100,00110,0101,00,0110
1110010100100010001000101010110110011100110111110010000010110110000111;011101,011100,00,011,001110,1001,10,00,100101,00
00111111010011001000101101011011000001100110011010101010010111011010011111110;000011,111000,000100,100,100001,011000,11010,00
0001111111110010010001001010010011100000001000110111110010111000010001111000101;00,100000,0010,001,111,001001,1101,1011
100010100011010011000010010100000000101111010110100110001010011001100011100;01,0100,011001,00,00100,111,00,110000,11,00010
001111101110101001001100110000111001101110111111010000110101010000101100010010;010111,0101,1100,10,10,100111,11111,010101
11000111000000000100111011010000000000010010111001110100111100011101011;10100,000110,011,0100,0100,00,00,010110,00100,101001
0000000000101101001110010001111001100001100101010011000111101011110001;0011,101101,10,10100,010100,1010
011101000001111000011011000111001001001101010001101000100001101010011101110;10,010,011,01,01111,0100,010,001111,110011,000010
00111011101011101100000101011001110010111110011010111001011000010101111;00011,01011,1000,10000,00111,01001,100001,11,11,10
10100101101110011000;10,111,00,10,010,00
01110001110100111000110001010110100001111111111101010011101011110000111;0110,000,1111,1100,10,11001,10,010001
01101101001101000111001100001011100111110000011010110001100010000;011011,11110,01101,000,100,00010,001011,011,0110,11011
001111011111001110101100100000110000100010010001111010000011110111000;01101,100101,101,10111,000100,01001,00010,01
010010110001000001110100111011001011011010111010001110010001000011110110111;000,11010,10,00,1111,10111,0110,010,001001,10001
1010010110100000110110111111111011101001110000110011111001110111000;1010,1001,110,10000,10,100,11110,110001,00,111110
1000111010010011111110100000111111000000101001000011100101101101010;00,11001,0111,100001,100,0000,00,01000,10000,010
11001101000100111001101100010100111111101000001101010010100001110;000000,11011,1000,100110,000,111,000,01
1111000101011110001101011101010111010010110011111101000100100111011;00101,11000,00,111,1110,1110
00101010001010101111001001001100011011110101101100010011001010010;110,10,111,000010,110,001
1000000111010000110000110011001100101010000001000101110100100100000111001010011;101,11,00010,0010,0111,100